Average: 14.375092857142862 milliseconds
Minimum: 2.9430999999999585 milliseconds
Median: 10.833249999999964 milliseconds
Maximum: 205.08210000000008 milliseconds
p(90): 18.054300000000012 milliseconds
p(95): 19.143800000000056 milliseconds