Average: 17.319351785714293 milliseconds
Minimum: 257.94550000000004 milliseconds
Median: 12.013250000000028 milliseconds
Maximum: 10.555899999999951 milliseconds
p(90): 9.407100000000014 milliseconds
p(95): 20.028800000000047 milliseconds