Average: 3.0963378666666728 milliseconds
Minimum: 0.4531999999999812 milliseconds
Median: 2.883250000000004 milliseconds
Maximum: 209.4475 milliseconds
p(90): 3.8220000000000027 milliseconds
p(95): 4.045799999999986 milliseconds